       #bytes #repetitions      t[usec]   Mbytes/sec
            0         1000         0.43         0.00
            1         1000         0.43         2.30
            2         1000         0.43         4.62
            4         1000         0.43         9.23
            8         1000         0.43        18.51
           16         1000         0.43        37.00
           32         1000         0.47        67.99
           64         1000         0.47       135.15
          128         1000         0.57       224.68
          256         1000         0.61       420.77
          512         1000         0.82       627.55
         1024         1000         7.37       138.93
         2048         1000         1.05      1950.35
         4096         1000         1.53      2680.66
         8192         1000         1.96      4185.89
        16384         1000         3.31      4947.84
        32768         1000        11.52      2845.20
        65536          640        19.32      3391.91
       131072          320        38.19      3431.78
       262144          160        74.99      3495.84
       524288           80       163.95      3197.77
      1048576           40       331.65      3161.69
      2097152           20       661.10      3172.21
      4194304           10      1311.56      3197.94
      8388608            5      2683.44      3126.07
     16777216            2     10175.92      1648.72
     33554432            1     14405.00      2329.36
     67108864            1     27827.98      2411.56
    134217728            1     61845.23      2170.22
    268435456            1    116809.93      2298.05
    536870912            1    229337.25      2340.97
