       #bytes #repetitions      t[usec]   Mbytes/sec
            0         1000         4.82         0.00
            1         1000         4.92         0.20
            2         1000         4.92         0.41
            4         1000         5.25         0.76
            8         1000         5.13         1.56
           16         1000         4.94         3.24
           32         1000         4.94         6.47
           64         1000         4.95        12.93
          128         1000         5.03        25.44
          256         1000         5.06        50.56
          512         1000         5.09       100.55
         1024         1000         5.61       182.46
         2048         1000         5.45       375.97
         4096         1000         6.28       652.75
         8192         1000         6.78      1208.93
        16384         1000         8.82      1857.99
        32768         1000        14.46      2266.78
        65536          640        28.20      2323.71
       131072          320        40.24      3257.26
       262144          160        56.60      4631.35
       524288           80        88.16      5947.17
      1048576           40       149.05      7035.03
      2097152           20       286.88      7310.31
      4194304           10       606.50      6915.63
      8388608            5      1498.64      5597.49
     16777216            2      3177.53      5279.96
     33554432            1      6394.76      5247.17
     67108864            1     12713.90      5278.39
    134217728            1     25433.02      5277.30
    268435456            1     50382.96      5327.90
    536870912            1    100746.52      5328.93
