       #bytes #repetitions      t[usec]   Mbytes/sec
            0         1000         7.48         0.00
            1         1000         7.55         0.13
            2         1000         7.56         0.26
            4         1000         7.53         0.53
            8         1000         7.56         1.06
           16         1000         7.59         2.11
           32         1000         7.54         4.24
           64         1000         7.60         8.42
          128         1000         7.89        16.22
          256         1000         7.90        32.39
          512         1000         7.95        64.39
         1024         1000         9.09       112.70
         2048         1000         8.50       240.99
         4096         1000        10.51       389.59
         8192         1000        11.13       736.10
        16384         1000        15.50      1057.37
        32768         1000        26.49      1237.20
        65536          640        58.12      1127.61
       131072          320        82.49      1588.99
       262144          160       123.55      2121.78
       524288           80       193.18      2714.01
      1048576           40       331.36      3164.50
      2097152           20       628.95      3334.40
      4194304           10      1233.21      3401.13
      8388608            5      2422.91      3462.20
     16777216            2      5094.24      3293.37
     33554432            1     10214.82      3284.88
     67108864            1     20238.64      3315.88
    134217728            1     40442.25      3318.75
    268435456            1     80210.46      3346.64
    536870912            1    160530.46      3344.36
