       #bytes #repetitions      t[usec]   Mbytes/sec
            0         1000         0.41         0.00
            1         1000         0.41         2.46
            2         1000         0.41         4.91
            4         1000         0.41         9.84
            8         1000         0.41        19.72
           16         1000         0.41        39.24
           32         1000         0.59        54.63
           64         1000         0.57       111.88
          128         1000         0.92       139.57
          256         1000         0.97       263.69
          512         1000         1.14       450.89
         1024         1000         1.32       777.56
         2048         1000         2.13       962.50
         4096         1000         3.01      1360.08
         8192         1000         4.87      1680.65
        16384         1000         7.51      2181.11
        32768         1000        13.08      2505.95
        65536          640        23.87      2745.67
       131072          320        43.92      2984.33
       262144          160        13.32     19685.52
       524288           80        23.54     22275.09
      1048576           40        51.72     20274.59
      2097152           20       141.32     14839.32
      4194304           10       297.80     14084.13
      8388608            5       630.63     13301.99
     16777216            2      2077.68      8074.98
     33554432            1      5637.59      5951.91
     67108864            1     11849.63      5663.37
    134217728            1     23805.26      5638.15
    268435456            1     47459.41      5656.11
    536870912            1     94891.22      5657.75
