       #bytes #repetitions      t[usec]   Mbytes/sec
            0         1000        15.17         0.00
            1         1000        15.33         0.07
            2         1000        15.29         0.13
            4         1000        15.28         0.26
            8         1000        15.32         0.52
           16         1000        15.39         1.04
           32         1000        15.40         2.08
           64         1000        15.53         4.12
          128         1000        15.71         8.15
          256         1000        15.91        16.09
          512         1000        16.35        31.31
         1024         1000        16.67        61.41
         2048         1000        38.57        53.09
         4096         1000        38.71       105.82
         8192         1000        39.70       206.36
        16384         1000        41.55       394.34
        32768         1000        46.88       699.01
        65536          640        56.48      1160.43
       131072          320       101.78      1287.81
       262144          160       137.12      1911.80
       524288           80       210.45      2491.26
      1048576           40       349.24      3002.41
      2097152           20       710.67      2950.96
      4194304           10      1532.01      2737.78
      8388608            5      3273.04      2562.94
     16777216            2      6843.30      2451.63
     33554432            1     13691.80      2450.69
     67108864            1     27109.95      2475.43
    134217728            1     50700.16      2647.28
    268435456            1    107235.11      2503.24
    536870912            1    212931.57      2521.33
