  2.03455715700        2.03427039900        1.96414116000        1.96687002300       Residual    12019999.9905      MLUPs    849.324873501    
  2.03372454800        2.03365678300        1.96447016200        1.96871695700       Residual    1999999.99999      MLUPs    849.672588011    
  2.03303602600        2.03302593000        1.96508965400        1.96786260600       Residual    425925.925796      MLUPs    849.960343989    
  2.03227321500        2.03226441900        1.96393200000        1.96733399500       Residual    126543.209847      MLUPs    850.279375453    
  2.03357002200        2.03356075100        1.96563201700        1.96832378800       Residual    51826.1316865      MLUPs    849.737152547    
  2.03352805300        2.03351942200        1.96542227000        1.96857381100       Residual    26702.1350983      MLUPs    849.754689861    
  2.03227417000        2.03226453400        1.96436381200        1.96710250400       Residual    15893.9988843      MLUPs    850.278975892    
  2.03363064700        2.03362012600        1.96534081600        1.96864060400       Residual    10378.2429902      MLUPs    849.711820851    
  2.03108365800        2.03107857700        1.96338204200        1.96602972700       Residual    7222.26330360      MLUPs    850.777363696    
  2.03256120300        2.03255104600        1.96469884900        1.96763693700       Residual    5266.18987001      MLUPs    850.158901710    
