  5.57989516000        5.57988553300        5.46802369700        5.47239141100       Residual    12019999.9905      MLUPs    309.683237848    
  5.57487853800        5.57486965300        5.46640478200        5.47155609900       Residual    1999999.99999      MLUPs    309.961910062    
  5.57360115300        5.57359808400        5.46568695100        5.47036788400       Residual    425925.925763      MLUPs    310.032948639    
  5.57403579500        5.57403232500        5.46680851600        5.47073654400       Residual    126543.209842      MLUPs    310.008773455    
  5.57477356600        5.57476433800        5.46676118100        5.47152695400       Residual    51826.1316899      MLUPs    309.967746590    
  5.57496006900        5.57495593900        5.46700355600        5.47172134000       Residual    26702.1351013      MLUPs    309.957377024    
  5.57604789800        5.57604398300        5.46849550400        5.47286600400       Residual    15893.9988852      MLUPs    309.896907561    
  5.57780416100        5.57780035900        5.46981794000        5.47447602300       Residual    10378.2429891      MLUPs    309.799331443    
  5.57671898300        5.57671565100        5.46815943400        5.47308794700       Residual    7222.26330259      MLUPs    309.859615532    
  5.57783801800        5.57783449100        5.46830460800        5.47461614700       Residual    5266.18987024      MLUPs    309.797450988    
