  2.95151038200        2.95133140200        2.85415227100        2.86249579700       Residual    12019999.9905      MLUPs    585.462958402    
  2.94534328500        2.94534149600        2.85222551200        2.85843500300       Residual    1999999.99999      MLUPs    586.688828022    
  2.94613911900        2.94612966700        2.85134607500        2.85943439600       Residual    425925.925796      MLUPs    586.530347076    
  2.94506428000        2.94506118200        2.85174854600        2.85827772400       Residual    126543.209849      MLUPs    586.744408852    
  2.94851158100        2.94850906100        2.85548543600        2.86188523800       Residual    51826.1316872      MLUPs    586.058406938    
  2.94692732800        2.94691787300        2.85378509900        2.86017284800       Residual    26702.1350985      MLUPs    586.373468929    
  2.94817821200        2.94817636600        2.85558970700        2.86140925900       Residual    15893.9988845      MLUPs    586.124676238    
  2.94880973400        2.94880134600        2.85602098300        2.86187276500       Residual    10378.2429902      MLUPs    585.999150802    
  2.94847601200        2.94847361400        2.85588913900        2.86171845000       Residual    7222.26330355      MLUPs    586.065476866    
  2.94932086000        2.94931859300        2.85708565800        2.86261375800       Residual    5266.18987010      MLUPs    585.897595421    
