  22.0816957180        22.0816957180        21.7284802470        21.7284802470       Residual    12019999.9907      MLUPs    78.2548596841    
  22.0759188510        22.0759188510        21.7303565890        21.7303565890       Residual    1999999.99988      MLUPs    78.2753375596    
  22.0719821900        22.0719821900        21.7268267710        21.7268267710       Residual    425925.925769      MLUPs    78.2892984022    
  22.0753402350        22.0753402350        21.7292539430        21.7292539430       Residual    126543.209762      MLUPs    78.2773892318    
  22.0743119600        22.0743119600        21.7286197690        21.7286197690       Residual    51826.1316912      MLUPs    78.2810355825    
  22.0744951870        22.0744951870        21.7290880500        21.7290880500       Residual    26702.1350987      MLUPs    78.2803858191    
  22.0710173570        22.0710173570        21.7257310150        21.7257310150       Residual    15893.9988922      MLUPs    78.2927208134    
  22.0754212320        22.0754212320        21.7294313950        21.7294313950       Residual    10378.2429895      MLUPs    78.2771020240    
  22.0726477890        22.0726477890        21.7269287850        21.7269287850       Residual    7222.26329851      MLUPs    78.2869375944    
  22.0770940700        22.0770940700        21.7315852120        21.7315852120       Residual    5266.18987139      MLUPs    78.2711707674    
