  1.02161976500        1.02131156100       0.962740000000       0.984181174000       Residual    12019999.9904      MLUPs    1691.43164531    
  1.02099357400        1.02098489500       0.963088301000       0.985228243000       Residual    2000000.00000      MLUPs    1692.46902625    
  1.02109848400        1.02109262400       0.963005258000       0.985471927000       Residual    425925.925794      MLUPs    1692.29513811    
  1.02138429900        1.02137946400       0.963096209000       0.985706808000       Residual    126543.209842      MLUPs    1691.82158145    
  1.02112501800        1.02112078700       0.963824420000       0.985369917000       Residual    51826.1316863      MLUPs    1692.25116371    
  1.02165670200        1.02165191800       0.962748618000       0.985890745000       Residual    26702.1350984      MLUPs    1691.37049326    
  1.02031561500        1.02030810300       0.962995877000       0.984599920000       Residual    15893.9988844      MLUPs    1693.59360437    
  1.02241811800        1.02241055300       0.963811535000       0.986796239000       Residual    10378.2429902      MLUPs    1690.11089453    
  1.02209415200        1.02208888900       0.963316117000       0.986314510000       Residual    7222.26330347      MLUPs    1690.64659711    
  1.02191498700        1.02190689600       0.963227399000       0.986146705000       Residual    5266.18987021      MLUPs    1690.94300601    
