  5.56417435200        5.56416388000        5.43230498600        5.45742218200       Residual    12019999.9905      MLUPs    310.558205168    
  5.56353191800        5.56352566100        5.43232955500        5.46078530000       Residual    1999999.99999      MLUPs    310.594066048    
  5.56390858400        5.56390130800        5.43236294700        5.46121871700       Residual    425925.925763      MLUPs    310.573039422    
  5.56378824600        5.56378165900        5.43229918700        5.46104124900       Residual    126543.209842      MLUPs    310.579756741    
  5.56521140700        5.56520171100        5.43349775000        5.46233581000       Residual    51826.1316899      MLUPs    310.500333882    
  5.56737729400        5.56737228000        5.43505002900        5.46464786200       Residual    26702.1351013      MLUPs    310.379539368    
  5.56815665500        5.56814402300        5.43445015500        5.46549313500       Residual    15893.9988852      MLUPs    310.336096318    
  5.56900450700        5.56898726300        5.43491897000        5.46607811000       Residual    10378.2429891      MLUPs    310.288849260    
  5.57025303700        5.57024595900        5.43466242400        5.46761415500       Residual    7222.26330259      MLUPs    310.219300366    
  5.57258067300        5.57257334700        5.43526883200        5.46976403100       Residual    5266.18987024      MLUPs    310.089723487    
