  1.92766717100        1.92744394900        1.83437868800        1.86545919600       Residual    12019999.9905      MLUPs    896.420308441    
  1.92485806900        1.92484860900        1.83395753500        1.86533684200       Residual    1999999.99999      MLUPs    897.728527536    
  1.92561631600        1.92561150700        1.83460140500        1.86607191400       Residual    425925.925796      MLUPs    897.375030343    
  1.92609645300        1.92608698600        1.83523514600        1.86638253300       Residual    126543.209847      MLUPs    897.151332847    
  1.92490576200        1.92489682600        1.83468558100        1.86531021300       Residual    51826.1316865      MLUPs    897.706284699    
  1.92552733000        1.92551699600        1.83432273300        1.86594983400       Residual    26702.1350983      MLUPs    897.416501484    
  1.92572800500        1.92571793200        1.83532948700        1.86607390500       Residual    15893.9988843      MLUPs    897.322984094    
  1.92543721800        1.92542705900        1.83454062900        1.86590088800       Residual    10378.2429902      MLUPs    897.458501293    
  1.92655911100        1.92655240000        1.83452459500        1.86695880000       Residual    7222.26330360      MLUPs    896.935884362    
  1.92549143500        1.92548744400        1.83382528900        1.86588514000       Residual    5266.18987001      MLUPs    897.433231117    
