  2.82870526700        2.82846583000        2.73663243800        2.74223029800       Residual    12019999.9905      MLUPs    610.880186126    
  2.82738374700        2.82737891200        2.73585590200        2.74336288100       Residual    1999999.99999      MLUPs    611.165711706    
  2.82658927900        2.82658688800        2.73560118600        2.74251565500       Residual    425925.925796      MLUPs    611.337491739    
  2.82739138400        2.82738612100        2.73508285900        2.74338160500       Residual    126543.209849      MLUPs    611.164060900    
  2.82452590400        2.82451977500        2.73563722700        2.74040478200       Residual    51826.1316872      MLUPs    611.784086509    
  2.82511148100        2.82510694800        2.73628047900        2.74093904400       Residual    26702.1350985      MLUPs    611.657278526    
  2.82493655700        2.82493113200        2.73578027300        2.74052736400       Residual    15893.9988845      MLUPs    611.695153195    
  2.82535640600        2.82535331800        2.73562351000        2.74137961500       Residual    10378.2429902      MLUPs    611.604255070    
  2.82483203100        2.82482249600        2.73606079400        2.74080400600       Residual    7222.26330355      MLUPs    611.717787478    
  2.82410729100        2.82410264200        2.73461606600        2.74010667900       Residual    5266.18987010      MLUPs    611.874770306    
