            0         1000         7.77         0.00
            1         1000         7.79         0.13
            2         1000         7.82         0.26
            4         1000         7.76         0.52
            8         1000         7.77         1.03
           16         1000         7.78         2.06
           32         1000         7.75         4.13
           64         1000         7.79         8.22
          128         1000         8.20        15.60
          256         1000         8.22        31.15
          512         1000         8.33        61.45
         1024         1000         9.23       110.98
         2048         1000         8.79       233.02
         4096         1000        10.42       392.95
         8192         1000        11.54       709.85
        16384         1000        15.58      1051.51
        32768         1000        26.57      1233.11
        65536          640        57.63      1137.22
       131072          320        83.85      1563.10
       262144          160       124.37      2107.69
       524288           80       195.09      2687.37
      1048576           40       333.98      3139.63
      2097152           20       634.99      3302.67
      4194304           10      1244.83      3369.37

