            0         1000         4.84         0.00
            1         1000         4.96         0.20
            2         1000         4.95         0.40
            4         1000         4.94         0.81
            8         1000         5.03         1.59
           16         1000         4.96         3.23
           32         1000         4.96         6.45
           64         1000         4.97        12.89
          128         1000         5.05        25.37
          256         1000         5.07        50.47
          512         1000         5.10       100.35
         1024         1000         6.31       162.19
         2048         1000        10.19       200.91
         4096         1000        16.24       252.16
         8192         1000        13.60       602.34
        16384         1000        15.84      1034.31
        32768         1000        28.03      1168.84
        65536          640        60.03      1091.77
       131072          320        85.05      1541.12
       262144          160       142.04      1845.53
       524288           80       174.68      3001.37
      1048576           40       322.47      3251.70
      2097152           20       632.82      3313.96
      4194304           10      1296.28      3235.66

