            0         1000         0.99         0.00
            1         1000         0.99         1.01
            2         1000         1.00         2.00
            4         1000         1.00         4.00
            8         1000         1.00         8.03
           16         1000         1.00        16.06
           32         1000         1.01        31.76
           64         1000         1.16        55.05
          128         1000         1.24       102.94
          256         1000         1.44       177.82
          512         1000         1.51       339.41
         1024         1000         1.66       618.34
         2048         1000         2.31       885.28
         4096         1000         3.20      1279.39
         8192         1000         4.47      1833.73
        16384         1000         6.25      2622.00
        32768         1000         8.45      3877.15
        65536          640        12.40      5287.21
       131072          320        18.65      7028.12
       262144          160        32.00      8192.06
       524288           80        54.35      9646.11
      1048576           40        97.15     10793.76
      2097152           20       186.01     11274.39
      4194304           10       352.51     11898.42

