            0         1000         0.42         0.00
            1         1000         0.41         2.46
            2         1000         0.41         4.94
            4         1000         0.41         9.84
            8         1000         0.42        19.19
           16         1000         0.41        39.16
           32         1000         0.56        57.16
           64         1000         0.57       111.89
          128         1000         0.91       140.57
          256         1000         0.97       263.37
          512         1000         1.17       435.99
         1024         1000         1.31       783.67
         2048         1000         2.10       976.37
         4096         1000         3.00      1366.53
         8192         1000         4.82      1701.04
        16384         1000         7.41      2210.27
        32768         1000        12.93      2534.64
        65536          640        23.63      2773.60
       131072          320        44.39      2952.60
       262144          160        13.17     19909.89
       524288           80        23.02     22777.39
      1048576           40        50.84     20626.39
      2097152           20       139.08     15078.70
      4194304           10       294.52     14240.98

