            0         1000        16.06         0.00
            1         1000        16.10         0.06
            2         1000        16.21         0.12
            4         1000        16.15         0.25
            8         1000        16.14         0.50
           16         1000        16.14         0.99
           32         1000        16.15         1.98
           64         1000        16.14         3.97
          128         1000        16.55         7.73
          256         1000        16.94        15.11
          512         1000        37.05        13.82
         1024         1000        37.44        27.35
         2048         1000        76.81        26.66
         4096         1000        78.06        52.47
         8192         1000        79.25       103.37
        16384         1000        80.78       202.83
        32768         1000       101.15       323.97
        65536          640       118.05       555.14
       131072          320       236.16       555.00
       262144          160       320.84       817.05
       524288           80       493.90      1061.52
      1048576           40       905.36      1158.19
      2097152           20      1716.02      1222.11
      4194304           10      2854.51      1469.36

