  3.83243118200        3.83242260100        3.75792093200        3.77008740800       Residual    12019999.9905      MLUPs    450.888722573    
  3.82906365600        3.82905894100        3.75666148800        3.76944015200       Residual    1999999.99999      MLUPs    451.285263250    
  3.82909561900        3.82909357600        3.75752906000        3.76947069100       Residual    425925.925763      MLUPs    451.281496191    
  3.82861722900        3.82861534100        3.75778078500        3.76896058800       Residual    126543.209842      MLUPs    451.337884318    
  3.82940284000        3.82940020700        3.75776441500        3.76977169100       Residual    51826.1316899      MLUPs    451.245291289    
  3.82779733000        3.82779506100        3.75532394700        3.76813393800       Residual    26702.1351013      MLUPs    451.434559102    
  3.82886102500        3.82885511400        3.75722530700        3.76921134400       Residual    15893.9988852      MLUPs    451.309146171    
  3.82888489400        3.82888259100        3.75612656700        3.76918890900       Residual    10378.2429891      MLUPs    451.306332741    
  3.82841539500        3.82841369500        3.75703851500        3.76876387700       Residual    7222.26330259      MLUPs    451.361678844    
  3.82834661000        3.82834416300        3.75545074000        3.76867537400       Residual    5266.18987024      MLUPs    451.369788589    
