  1.94169504800        1.94047588300        1.88193603900        1.88802306600       Residual    12019999.9905      MLUPs    889.944073236    
  1.93752781400        1.93752630700        1.88201654400        1.88808338000       Residual    1999999.99999      MLUPs    891.858164571    
  1.93732358800        1.93732048800        1.88183821900        1.88792446100       Residual    425925.925796      MLUPs    891.952181196    
  1.93742400000        1.93742219300        1.88201124500        1.88799958000       Residual    126543.209849      MLUPs    891.905953472    
  1.93738646700        1.93738568400        1.88174581400        1.88797640500       Residual    51826.1316872      MLUPs    891.923232372    
  1.93773721400        1.93773560500        1.88222486800        1.88836581500       Residual    26702.1350985      MLUPs    891.761786642    
  1.93717190900        1.93716954300        1.88181544500        1.88774584300       Residual    15893.9988845      MLUPs    892.022020334    
  1.93861626700        1.93751691600        1.88203236000        1.88799094100       Residual    10378.2429902      MLUPs    891.357423031    
  1.93731993900        1.93731934300        1.88187176500        1.88787272400       Residual    7222.26330355      MLUPs    891.953861215    
  1.93813316300        1.93812613100        1.88210146800        1.88870541700       Residual    5266.18987010      MLUPs    891.579605049    
