3.88223711300        3.88220810200        1.88292534400        3.77981113700       Residual    12019999.9905      MLUPs    445.104188565    
3.89607472800        3.89607102600        1.88331194000        3.79486737100       Residual    1999999.99999      MLUPs    443.523320428    
3.88663383000        3.88662455200        1.88403187600        3.78546114000       Residual    425925.925796      MLUPs    444.600668749    
3.89507514500        3.89507267200        1.88306407400        3.79214299000       Residual    126543.209849      MLUPs    443.637140664    
4.29100263700        4.28523060900        1.88492634600        4.15133051500       Residual    51826.1316872      MLUPs    402.703085079    
3.93342786500        3.92300179300        1.88297253700        3.79595958700       Residual    26702.1350985      MLUPs    439.311475717    
3.92900328900        3.91077925500        1.88258260300        3.77900530500       Residual    15893.9988845      MLUPs    439.806198391    
3.91796492500        3.89999549600        1.88296411000        3.79160983700       Residual    10378.2429902      MLUPs    441.045295984    
3.89523082700        3.88800475500        1.88280406900        3.78757738000       Residual    7222.26330355      MLUPs    443.619409669    
3.93702526400        3.91471303000        1.88303991600        3.78576427900       Residual    5266.18987010      MLUPs    438.910061310    
