30.4954659520        30.4954659520        30.1115553980        30.1115553980       Residual    12019999.9907      MLUPs    56.6641612468    
30.4866013960        30.4866013960        30.1034633640        30.1034633640       Residual    1999999.99988      MLUPs    56.6806374235    
30.3543914990        30.3543914990        29.9679426540        29.9679426540       Residual    425925.925769      MLUPs    56.9275124509    
30.4787868840        30.4787868840        30.1087965410        30.1087965410       Residual    126543.209762      MLUPs    56.6951698759    
30.4970638510        30.4970638510        30.1139107010        30.1139107010       Residual    51826.1316912      MLUPs    56.6611923181    
30.4972239910        30.4972239910        30.1142008100        30.1142008100       Residual    26702.1350987      MLUPs    56.6608947919    
34.6745715630        34.6745715630        34.3044087390        34.3044087390       Residual    15893.9988922      MLUPs    49.8347902255    
31.1950260920        31.1950260920        30.8116777010        30.8116777010       Residual    10378.2429895      MLUPs    55.3934462149    
30.7339680740        30.7339680740        30.3510381680        30.3510381680       Residual    7222.26329851      MLUPs    56.2244353166    
30.4778006450        30.4778006450        30.1078668650        30.1078668650       Residual    5266.18987139      MLUPs    56.6970044895    
