1.94418542700        1.94297418400        1.88231273700        1.89213417600       Residual    12019999.9905      MLUPs    888.804110967    
1.94061777300        1.94061366700        1.88248076700        1.89272441400       Residual    1999999.99999      MLUPs    890.438098652    
1.93984364600        1.93984098000        1.88217800400        1.89195252700       Residual    425925.925796      MLUPs    890.793442844    
1.94002780500        1.94002461300        1.88240218700        1.89216434400       Residual    126543.209849      MLUPs    890.708883422    
1.93971196300        1.93970835400        1.88216612800        1.89188825100       Residual    51826.1316872      MLUPs    890.853916953    
1.94003875500        1.94003022300        1.88244722700        1.89221303500       Residual    26702.1350985      MLUPs    890.703856068    
1.93997311900        1.93996948500        1.88222875800        1.89208611700       Residual    15893.9988845      MLUPs    890.733991660    
1.94016334700        1.94015469500        1.88252572200        1.89231698900       Residual    10378.2429902      MLUPs    890.646657495    
1.93998788500        1.93998404900        1.88227849100        1.89208661900       Residual    7222.26330355      MLUPs    890.727211938    
1.93994822600        1.93994624900        1.88243779600        1.89211739600       Residual    5266.18987010      MLUPs    890.745421368    
