 0.660501304000       0.660220750000       0.627570571000       0.634138611000       Residual    12019999.9904      MLUPs    2616.19468355    
 0.658664617000       0.658648549000       0.627528605000       0.634206271000       Residual    2000000.00000      MLUPs    2623.48994526    
 0.658621734000       0.658617966000       0.627549621000       0.634166693000       Residual    425925.925794      MLUPs    2623.66076125    
 0.658680668000       0.658677373000       0.627566522000       0.634254279000       Residual    126543.209842      MLUPs    2623.42601499    
 0.658636882000       0.657773738000       0.627517256000       0.634163262000       Residual    51826.1316863      MLUPs    2623.60041963    
 0.658680726000       0.658676702000       0.627496994000       0.634220501000       Residual    26702.1350984      MLUPs    2623.42578398    
 0.658669387000       0.658666150000       0.627577819000       0.634257401000       Residual    15893.9988844      MLUPs    2623.47094628    
 0.658785697000       0.658781345000       0.627530102000       0.634347860000       Residual    10378.2429902      MLUPs    2623.00776697    
 0.658637859000       0.658633400000       0.627615651000       0.634194587000       Residual    7222.26330347      MLUPs    2623.59652788    
 0.658584300000       0.658580197000       0.627468188000       0.634161568000       Residual    5266.18987021      MLUPs    2623.80989040    
