  1.30781051900        1.30422958900        1.25495888800        1.26005741400       Residual    12019999.9905      MLUPs    1321.29232400    
  1.30241664800        1.30217853500        1.25489338100        1.26020960200       Residual    1999999.99999      MLUPs    1326.76436734    
  1.30209036400        1.30208719100        1.25505719500        1.26009030900       Residual    425925.925796      MLUPs    1327.09683427    
  1.30221807800        1.30221486500        1.25498658100        1.26021432300       Residual    126543.209847      MLUPs    1326.96668031    
  1.30213685800        1.30213487600        1.25490147800        1.26006869800       Residual    51826.1316865      MLUPs    1327.04944905    
  1.30215716500        1.30215306400        1.25488530200        1.26016408800       Residual    26702.1350983      MLUPs    1327.02875386    
  1.30211869400        1.30211530800        1.25492366200        1.26007889300       Residual    15893.9988843      MLUPs    1327.06796083    
  1.30229274800        1.30229008100        1.25494308300        1.26031149200       Residual    10378.2429902      MLUPs    1326.89059557    
  1.30212586700        1.30212292000        1.25490170100        1.26012900900       Residual    7222.26330360      MLUPs    1327.06065043    
  1.30214488200        1.30214148700        1.25490634900        1.26015760400       Residual    5266.18987001      MLUPs    1327.04127159    
