 0.373466616000       0.362408790000       0.314252414000       0.320247824000       Residual    12019999.9904      MLUPs    4626.91958523    
 0.340899613000       0.340895917000       0.314063058000       0.324193594000       Residual    2000000.00000      MLUPs    5068.94092602    
 0.346877602000       0.346870841000       0.314199694000       0.329382113000       Residual    425925.925798      MLUPs    4981.58425346    
 0.336694105000       0.336688869000       0.314120031000       0.319563172000       Residual    126543.209841      MLUPs    5132.25498855    
 0.336797044000       0.336793738000       0.314145854000       0.319473093000       Residual    51826.1316875      MLUPs    5130.68636077    
 0.340901222000       0.340700207000       0.314665218000       0.324178899000       Residual    26702.1350991      MLUPs    5068.91700142    
 0.337351614000       0.337346841000       0.314873607000       0.319528459000       Residual    15893.9988846      MLUPs    5122.25206072    
 0.337372364000       0.337366555000       0.314836697000       0.319539492000       Residual    10378.2429903      MLUPs    5121.93701794    
 0.338227383000       0.338221625000       0.314828986000       0.319883828000       Residual    7222.26330344      MLUPs    5108.98906136    
 0.338226966000       0.337553240000       0.314814485000       0.319817916000       Residual    5266.18987019      MLUPs    5108.99536023    
