3.82647484200        3.82639561600        3.75949717400        3.76287002800       Residual    12019999.9905      MLUPs    451.590581763    
3.82170604800        3.82053270000        3.75771948200        3.76083420300       Residual    1999999.99999      MLUPs    452.154084667    
3.82315094700        3.82314508000        3.75967352500        3.76348422900       Residual    425925.925763      MLUPs    451.983200233    
3.82067567900        3.82067405400        3.75831445100        3.76102880000       Residual    126543.209842      MLUPs    452.276022667    
3.82308361000        3.82307784900        3.76007875500        3.76337901400       Residual    51826.1316899      MLUPs    451.991161135    
3.82155586000        3.82155323800        3.75755583400        3.76186033100       Residual    26702.1351013      MLUPs    452.171854424    
3.82238683700        3.82238433300        3.75930582500        3.76281089700       Residual    15893.9988852      MLUPs    452.073553433    
3.82272548100        3.82271830400        3.75800449800        3.76306966000       Residual    10378.2429891      MLUPs    452.033505568    
3.82303370100        3.82302822200        3.75988639200        3.76338728500       Residual    7222.26330259      MLUPs    451.997061796    
3.82106033700        3.82105854000        3.75814363600        3.76142995000       Residual    5266.18987024      MLUPs    452.230493004    
