1.94361212200        1.94238105600        1.88284678700        1.89122324500       Residual    12019999.9905      MLUPs    889.066280479    
1.94067370200        1.94067012400        1.88310650000        1.89121301400       Residual    1999999.99999      MLUPs    890.412436784    
1.94616357800        1.94615815100        1.88349313700        1.89656526900       Residual    425925.925796      MLUPs    887.900698345    
1.95006527000        1.95006171700        1.88406342800        1.89993662700       Residual    126543.209849      MLUPs    886.124185987    
1.94512475800        1.94511701200        1.88306208400        1.89635842200       Residual    51826.1316872      MLUPs    888.374893638    
1.94172757400        1.94172411200        1.88274698900        1.89227375400       Residual    26702.1350985      MLUPs    889.929165728    
1.94029295800        1.94028816400        1.88286547800        1.89149502200       Residual    15893.9988845      MLUPs    890.587162560    
1.97866805800        1.97866297800        1.88312587400        1.92550415800       Residual    10378.2429902      MLUPs    873.314749795    
1.94458456400        1.94458318000        1.88327294400        1.89400580800       Residual    7222.26330355      MLUPs    888.621678887    
1.94309297600        1.94308975700        1.88275782000        1.89213773100       Residual    5266.18987010      MLUPs    889.303816824    
