       #bytes #repetitions      t[usec]   Mbytes/sec
            0         1000         0.26         0.00
            1         1000         0.27         3.76
            2         1000         0.27         7.31
            4         1000         0.27        14.78
            8         1000         0.27        29.41
           16         1000         0.27        59.35
           32         1000         0.28       113.86
           64         1000         0.28       226.74
          128         1000         0.29       440.01
          256         1000         0.31       831.60
          512         1000         0.57       896.49
         1024         1000         0.60      1697.93
         2048         1000         0.72      2826.03
         4096         1000         0.95      4320.64
         8192         1000         1.47      5557.03
        16384         1000         2.35      6959.48
        32768         1000         3.55      9229.86
        65536          640         5.86     11179.51
       131072          320         8.73     15013.08
       262144          160        15.70     16692.49
       524288           80        42.17     12431.46
      1048576           40        84.14     12462.75
      2097152           20       161.74     12966.12
      4194304           10       397.88     10541.62
      8388608            5      1041.04      8057.90
     16777216            2      2148.13      7810.16
     33554432            1      6046.88      5549.05
     67108864            1     12497.42      5369.82
    134217728            1     25477.03      5268.19
    268435456            1     52527.66      5110.36
    536870912            1    107675.26      4986.02
