       #bytes #repetitions      t[usec]   Mbytes/sec
            0         1000         1.40         0.00
            1         1000         1.40         0.71
            2         1000         1.40         1.43
            4         1000         1.40         2.86
            8         1000         1.40         5.71
           16         1000         1.40        11.41
           32         1000         1.43        22.35
           64         1000         1.72        37.21
          128         1000         1.77        72.51
          256         1000         2.05       125.11
          512         1000         2.11       242.27
         1024         1000         2.35       436.11
         2048         1000         3.04       674.34
         4096         1000         3.92      1046.02
         8192         1000         5.49      1490.92
        16384         1000         7.23      2267.37
        32768         1000        10.08      3250.63
        65536          640        14.45      4536.34
       131072          320        23.56      5562.60
       262144          160        33.33      7863.97
       524288           80        58.13      9019.47
      1048576           40        99.09     10582.16
      2097152           20       185.03     11334.06
      4194304           10       358.04     11714.75
      8388608            5       699.63     11990.04
     16777216            2      1386.46     12100.73
     33554432            1      2760.51     12155.16
     67108864            1      5506.70     12186.76
    134217728            1     11011.69     12188.66
    268435456            1     22073.36     12161.06
    536870912            1     44612.61     12034.06
