       #bytes #repetitions      t[usec]   Mbytes/sec
            0         1000         0.23         0.00
            1         1000         0.22         4.48
            2         1000         0.25         8.07
            4         1000         0.23        17.60
            8         1000         0.24        33.07
           16         1000         0.24        65.81
           32         1000         0.29       111.81
           64         1000         0.28       226.08
          128         1000         0.36       352.25
          256         1000         0.40       636.81
          512         1000         0.47      1098.58
         1024         1000         0.57      1799.29
         2048         1000         0.79      2598.89
         4096         1000         1.18      3482.07
         8192         1000         1.92      4274.91
        16384         1000         2.97      5514.51
        32768         1000         4.76      6879.77
        65536          640         8.11      8078.64
       131072          320        14.65      8949.92
       262144          160        14.17     18495.75
       524288           80        25.90     20240.14
      1048576           40        61.35     17090.38
      2097152           20       160.76     13045.52
      4194304           10       354.28     11839.04
      8388608            5       976.12      8593.79
     16777216            2      2542.90      6597.67
     33554432            1      5465.65      6139.14
     67108864            1     11047.75      6074.44
    134217728            1     21992.37      6102.92
    268435456            1     44005.03      6100.11
    536870912            1     87453.73      6138.91
