       #bytes #repetitions      t[usec]   Mbytes/sec
            0         1000         4.94         0.00
            1         1000         5.02         0.20
            2         1000         5.01         0.40
            4         1000         5.01         0.80
            8         1000         5.04         1.59
           16         1000         5.04         3.18
           32         1000         5.01         6.38
           64         1000         5.05        12.68
          128         1000         5.09        25.14
          256         1000         5.13        49.89
          512         1000         5.18        98.93
         1024         1000         5.81       176.30
         2048         1000         5.60       365.96
         4096         1000         6.44       635.72
         8192         1000         6.90      1186.51
        16384         1000         8.96      1828.94
        32768         1000        14.23      2302.24
        65536          640        29.81      2198.60
       131072          320        44.11      2971.66
       262144          160        62.50      4194.54
       524288           80        97.21      5393.24
      1048576           40       164.52      6373.51
      2097152           20       319.17      6570.55
      4194304           10       662.82      6327.97
      8388608            5      1551.11      5408.15
     16777216            2      3283.50      5109.56
     33554432            1      6614.76      5072.66
     67108864            1     13111.35      5118.38
    134217728            1     26252.01      5112.67
    268435456            1     52266.82      5135.87
    536870912            1    105526.59      5087.54
