       #bytes #repetitions      t[usec]   Mbytes/sec
            0         1000         8.70         0.00
            1         1000         8.86         0.11
            2         1000         8.84         0.23
            4         1000         8.85         0.45
            8         1000         8.83         0.91
           16         1000         8.85         1.81
           32         1000         8.85         3.62
           64         1000         8.88         7.21
          128         1000         9.18        13.94
          256         1000         9.19        27.85
          512         1000         9.27        55.24
         1024         1000        10.27        99.68
         2048         1000         9.78       209.37
         4096         1000        11.51       355.78
         8192         1000        12.43       658.98
        16384         1000        16.83       973.62
        32768         1000        26.74      1225.29
        65536          640        62.51      1048.47
       131072          320        91.08      1439.02
       262144          160       136.27      1923.76
       524288           80       207.33      2528.71
      1048576           40       357.42      2933.70
      2097152           20       676.18      3101.45
      4194304           10      1340.57      3128.74
      8388608            5      2633.86      3184.91
     16777216            2      5396.00      3109.20
     33554432            1     10795.13      3108.29
     67108864            1     21531.91      3116.72
    134217728            1     42941.39      3125.60
    268435456            1     85681.59      3132.94
    536870912            1    171013.84      3139.34
